pos_value = [32938042, 32938043,25551100, 25551103,5034296,5034297,11704694,11704696];
crc_value = [22,3,15,5,15,15,24,15];